28.875 29 29.125 29 29.25 29 28.875 28.625 28.625 28.5 28.375 28.5 28.375 28.5 28.625 29 29.125 29.375 29.5 29.625 30 30.125 30.25 30.125 30 29.625 29.375 29.125 29 28.75 28.25 28.25 27.75 27.75 27.625 27.625 27.625 27.5 27.5 27.375 27.25 27.125 27.125 27 27.25 27.25 27.625 27.375 27.625 27.75
24.25 24.375 24.375 24.375 24.5 24.625 24.625 24.875 24.75 25 25 25.125 25.125 25.25 25.375 25.625 26 26.375 26.375 27 27.25 27.625 28.125 28.5 28.625 28.375 28 27.375 26.75 26.25 25.75 25.375 25 24.625 24.375 24 23.75 23.625 23.625 23.625 23.375 23.375 23.375 23.125 23 23.125 23.125 23.5 23.625 23.75
20.5 20.75 20.875 20.875 20.75 20.5 20.625 20.5 20.375 20.5 20.5 20.625 21 21 20.875 21.375 21.75 22.375 22.5 22.875 23.375 23.5 23.875 25.25 25 25.125 25.25 25.125 24.875 24.375 24 23.25 22.75 22.25 22 21.625 21.25 21 20.75 20.5 20.25 20.125 20 19.75 19.75 19.875 19.75 20.625 20.5 20.625
17.125 17.375 17.625 17.5 17.375 17.5 17.375 17.5 17.5 17.875 17.875 17.875 18 18.375 18.375 18.75 18.75 19 19.25 19.375 19.5 19.75 20 20.25 20.125 19.75 19.625 19.875 19.75 19.375 19.125 19 18.75 18.375 18.125 17.625 17.5 17.375 17.25 17.125 17 16.875 16.875 17 16.875 17 17.25 17.375 17.75 17.875
15.625 15.625 16 16.125 16.25 16.375 16.5 16.75 16.75 16.875 16.875 16.625 16.75 17 17.25 17.125 17.375 17.625 17.875 17.875 17.875 18.125 17.875 18 18.25 17.875 17.375 17 17 17 16.625 16.5 16.25 16 15.75 15.25 15 15 14.75 15.125 14.875 14.875 14.625 14.5 14.625 14.75 15.125 15.5 16 16.25
13.5 13.375 13.625 13.625 13.5 13.625 13.5 13.375 13.5 13.375 13 13.125 13 13.125 13.5 13.875 14.25 14.625 14.875 14.75 15.125 15.25 15.875 16.125 16.125 16 16 16 16 15.875 15.625 15.375 15.25 15 14.625 14.5 14.375 14.5 14.375 14.125 13.875 13.875 14 14 14.125 14 14.25 14.125 14.375 15
12 11.875 12.125 12 12.25 12.25 12.375 12.625 12.625 12.875 13 13 13 13.125 13.25 13.5 13.625 13.75 13.5 13.75 13.625 13.75 13.75 13.5 13.75 13.875 13.75 13.625 13.5 13.375 13.375 13.125 13.125 13.125 13.125 12.875 12.625 12.625 12.5 12.5 12.375 12.375 12.25 12.125 12.125 12.25 12.25 12.625 12.875 12.875
9.5 9.875 9.875 9.875 10 9.75 9.875 9.75 9.625 9.875 9.75 9.875 10 10 10 10.25 10.625 10.75 10.625 10.75 11.25 11.25 11.375 12.25 11.625 11.5 11.5 11.625 11.625 11.125 11 11 10.75 10.5 10.75 10.625 10.25 10.125 10 9.75 9.625 9.625 9.5 9.375 9.375 9.625 9.5 10.125 10 10.125
8.125 8.5 8.5 8.25 8.375 8.375 8.375 8.5 8.375 8.75 8.75 8.625 8.875 8.875 8.875 9.125 9 9 9 9.125 9.5 9.375 9.375 9.125 9.125 9 8.75 9 8.75 8.625 8.5 8.5 8.5 8.375 8.25 8.25 8.5 8.125 8.125 8.375 8.25 8.25 8.375 8.375 8.25 8.375 8.875 8.875 9 9.625
6.25 6.375 6.5 6.75 6.75 7 7.125 7.25 7.25 7.5 7.5 7.125 7.25 7.375 7.5 7.25 7.25 7.375 7.5 7.375 7.75 7.5 7.25 7.25 7.125 6.75 6.5 6.25 6 6.25 6 6 6.125 5.875 5.5 5.5 5.625 5.5 5.375 5.75 5.875 5.75 5.5 5.375 5.5 5.875 6.375 6.5 7.125 7.75
4.5 4.5 4.625 4.625 4.75 4.625 4.625 4.5 4.5 4.25 4 4 4 3.875 4.375 4.5 4.75 4.875 4.875 4.875 4.875 5.125 5.375 5.375 5.125 5 5 4.75 4.875 4.625 4.25 4.625 4.25 4.25 4.125 4.125 4.125 4.125 4.125 4.125 4 3.875 4 4 4.25 4.375 4.625 4.5 4.75 5.125
3.125 3.25 3.375 3.25 3.5 3.625 3.5 3.625 3.75 3.875 3.875 4 3.875 3.875 4 4 3.875 4 3.625 3.375 3.5 3.5 3.375 3.125 3.125 3 2.875 2.75 2.5 2.25 2.375 2.375 2.5 2.375 2.125 2.375 2.25 2.25 2.125 2.375 2.375 2.375 2.5 2.375 2.375 2.5 2.625 2.875 3.125 3.25
0.875 1 1.125 1.125 1.125 0.875 1 0.875 0.75 0.75 0.5 0.75 0.875 0.75 0.75 0.75 1.125 1 0.75 0.875 1.25 1.25 1.375 1.625 1.125 1 0.875 0.625 0.375 0.25 0.125 0.125 0.125 0.125 0.125 0.625 0.625 0.5 0.75 0.625 1 0.75 0.75 0.875 1 0.625 0.5 0 0.125 0.125
0.5 0.5 0.375 0.5 0.5 0.5 0.625 0.625 0.5 0.25 0.5 0.375 0.375 0.25 0.375 0.125 0.625 0.375 0.75 0.5 0.5 0.5 0.875 1.125 1.25 1.25 1.375 1.375 1.625 1.875 2 2 1.75 2.125 2.125 2.125 2.125 2.125 1.875 1.75 1.75 1.375 1.5 1.5 1.5 1 0.625 0.75 0.75 0.875
2.5 2.375 2.125 2.25 2.25 2.125 1.875 1.875 1.875 1.75 1.875 2.25 2 1.875 1.75 2 2.25 1.875 2.25 2.375 2.125 2.125 2.25 2.625 2.75 3.125 3.625 3.625 4 4 4 4 4.125 4.25 4.375 4.625 4.625 4.5 4.625 4.125 4 3.875 4.25 4.25 4 3.625 3 3 2.875 3.5
4 3.75 3.75 3.75 3.5 3.875 3.875 3.75 3.875 4.25 4.625 4.375 4.625 4.75 4.375 4.375 4.25 4.125 4.125 4.25 4.75 4.625 4.5 4.5 4.875 5.375 5.5 5.75 5.875 6.125 6.25 6 6.375 6.625 6.875 6.875 6.75 6.625 6.625 6.375 6.5 6.625 6.375 6.125 5.75 5.5 5.25 5.5 5.5 5.75
5.375 5.375 5.125 5.125 4.75 5 4.875 4.875 4.875 4.75 4.625 4.75 4.875 4.75 4.75 5 5.125 5.125 5.875 6.125 6.25 6.25 6.5 6.75 7 7.5 7.625 8 8 8.125 8.375 8.5 8.5 8.5 8.625 8.5 8.125 8.25 8.5 8 7.75 8 7.625 7.75 7.625 7.5 7.125 7.125 7.25 8
7.625 7.5 7.375 7.25 7.375 7.625 7.75 7.75 7.875 7.875 8.125 8 8 8.25 8.25 8.25 7.875 8.125 8.625 8.625 8.625 8.625 8.5 8.25 8.875 9.125 9.375 9.625 9.875 10.25 10.625 10.5 10.875 11 11 11 10.875 10.875 10.5 10.75 11 10.625 10.5 10.5 10.375 10.125 9.75 9.5 9.625 9.875
9.5 9.375 9.5 9.5 9.5 9.625 9.75 9.625 9.625 9.625 9.75 9.875 9.75 9.75 9.75 9.75 10 10.25 10.5 10.375 10.75 10.75 10.875 11.25 11.625 11.75 12.25 12.375 12.5 12.75 12.625 12.625 12.625 12.75 12.625 12.375 12.125 11.875 12 11.625 11.375 11.25 11.25 11.25 11.125 10.75 10.375 10.625 10.75 11
11.75 11.625 11.5 11.625 11.375 11.5 11.375 11.375 11.375 11.375 11.375 11.75 11.5 11.375 11.25 11.75 11.875 11.75 12 12.25 12.375 12.25 12.625 12.75 13.25 13.5 14.25 14.625 14.625 14.625 14.75 14.75 14.75 14.75 14.625 14.5 14.5 14.375 14.125 13.625 13.625 13.5 13.5 13.375 13.25 13 12.375 12.5 12.375 12.75
12.875 12.875 12.5 12.375 12.375 12.25 12.375 12.75 12.875 13.25 13.375 13.5 13.5 13.75 13.5 13.5 13.5 13.75 14.125 13.875 14 14.375 14.75 14.625 15.375 15.625 16.25 16.5 17 17.375 17.5 17.5 17.375 17 17.25 17.125 17 16.625 16.5 16.5 16.25 16 15.75 15.75 15.375 15.125 15 15.125 15.125 15.25
14.5 14.375 14 14 13.75 13.75 13.75 13.875 13.625 13.5 13.375 13.75 13.75 13.75 13.875 14.625 14.75 15 15.5 16.125 16.625 16.625 17.375 17.5 17.875 18.25 18.75 19.125 19.25 19.75 19.625 19.375 19.125 18.875 18.625 18.625 18.25 17.875 17.75 17.5 17.125 17.125 16.75 17 16.875 16.75 16.5 16.625 16.625 17.125
18.75 18.625 18.375 18.375 18.375 18.375 18.5 18.5 18.5 18.5 19 18.75 18.625 19.125 19.125 19.5 19.5 20 20.5 20.75 20.875 21 21 20.75 21.375 21.75 22.25 22.5 23 23.375 23.625 23.25 23 22.625 22.125 22 21.875 21.625 21.375 21 21.125 20.75 20.625 20.5 20.5 20.125 20.125 19.875 20.25 20.25
22.875 22.875 22.875 22.75 22.625 22.75 22.625 22.75 22.625 22.5 22.875 22.75 22.625 22.75 22.875 23 23.5 24.125 24.25 24.625 25.25 25.375 25.875 26.375 26.875 27.75 27.625 27.25 27.125 26.75 26 25.375 25.125 24.875 24.5 24.25 23.75 23.625 23.625 23.125 23.125 22.875 22.625 22.875 22.75 22.5 22.5 22.625 22.625 22.875
29 28.625 28.5 28.625 28.5 28.375 28.375 28.125 28 27.875 28.125 28.25 28.125 28 28 28.25 28.5 28.5 28.75 29 29.25 29.5 29.875 29.875 29.875 29.875 29.75 29.5 29.25 28.875 28.625 28.375 28.375 28.125 28 27.875 27.5 27.5 27.375 27.125 27.125 27.25 27.25 27.25 27.125 27.25 26.625 26.75 26.625 26.875
